F = 0.4028748831472637
p = 0.7509471509533853
